0	48	61	50	46	47	53	Mavic 2-2.4G
5	53	42	49	49	57	63	Mavic 2-2.4G
10	56	57	57	57	49	50	Mavic 2-2.4G
15	53	57	69	46	45	49	Mavic 2-2.4G
20	52	48	54	57	49	63	Mavic 2-2.4G
25	40	55	64	61	66	61	Mavic 2-2.4G
30	51	63	62	53	46	45	Mavic 2-2.4G
35	42	52	55	57	45	52	Mavic 2-2.4G
40	58	46	57	49	64	46	Mavic 2-2.4G
45	52	55	51	56	53	49	Mavic 2-2.4G
50	51	48	60	44	55	53	Mavic 2-2.4G
55	44	55	51	44	51	49	Mavic 2-2.4G
60	57	47	49	60	51	46	Mavic 2-2.4G
65	54	56	70	46	52	60	Mavic 2-2.4G
70	48	43	53	53	47	42	Mavic 2-2.4G
75	48	44	40	44	56	57	Mavic 2-2.4G
80	38	53	53	53	56	48	Mavic 2-2.4G
85	61	58	45	43	52	50	Mavic 2-2.4G
90	60	40	51	46	62	59	Mavic 2-2.4G
95	51	50	67	53	60	47	Mavic 2-2.4G
100	46	38	40	64	55	58	Mavic 2-2.4G
105	56	43	44	54	64	50	Mavic 2-2.4G
110	56	59	44	56	51	48	Mavic 2-2.4G
115	50	62	57	50	56	50	Mavic 2-2.4G
120	59	66	60	64	56	44	Mavic 2-2.4G
125	43	65	58	47	49	59	Mavic 2-2.4G
130	70	63	53	54	49	56	Mavic 2-2.4G
135	60	61	53	49	55	59	Mavic 2-2.4G
140	59	53	61	30	46	57	Mavic 2-2.4G
145	54	56	47	51	52	53	Mavic 2-2.4G
150	53	45	50	56	59	57	Mavic 2-2.4G
155	50	63	58	53	48	57	Mavic 2-2.4G
160	49	49	53	62	63	48	Mavic 2-2.4G
165	53	53	49	47	56	36	Mavic 2-2.4G
170	51	51	54	48	50	50	Mavic 2-2.4G
175	40	59	44	44	58	69	Mavic 2-2.4G
180	45	53	38	52	54	43	Mavic 2-2.4G
185	53	49	52	52	50	53	Mavic 2-2.4G
190	34	34	55	59	51	46	Mavic 2-2.4G
195	42	57	60	52	63	52	Mavic 2-2.4G
200	56	58	63	66	57	52	Mavic 2-2.4G
205	46	63	46	41	47	61	Mavic 2-2.4G
210	53	57	51	48	58	56	Mavic 2-2.4G
215	67	46	54	53	48	63	Mavic 2-2.4G
220	49	46	56	52	57	56	Mavic 2-2.4G
225	66	61	40	45	52	66	Mavic 2-2.4G
230	49	61	60	60	56	42	Mavic 2-2.4G
235	52	52	45	53	58	54	Mavic 2-2.4G
240	53	52	51	50	42	64	Mavic 2-2.4G
245	68	43	45	48	62	51	Mavic 2-2.4G
250	50	59	61	55	54	50	Mavic 2-2.4G
255	49	60	44	52	54	51	Mavic 2-2.4G
260	47	43	52	56	66	52	Mavic 2-2.4G
265	42	48	58	49	48	50	Mavic 2-2.4G
270	37	60	46	57	64	49	Mavic 2-2.4G
275	56	55	55	59	61	45	Mavic 2-2.4G
280	37	55	64	55	50	56	Mavic 2-2.4G
285	67	41	57	60	58	55	Mavic 2-2.4G
290	47	53	58	57	58	49	Mavic 2-2.4G
295	49	47	49	61	51	60	Mavic 2-2.4G
300	64	57	56	64	56	50	Mavic 2-2.4G
305	56	51	41	50	67	50	Mavic 2-2.4G
310	52	54	67	52	70	49	Mavic 2-2.4G
315	58	44	57	44	69	55	Mavic 2-2.4G
320	42	57	51	51	61	58	Mavic 2-2.4G
325	56	46	55	58	53	54	Mavic 2-2.4G
330	43	65	45	60	59	54	Mavic 2-2.4G
335	59	52	49	59	57	66	Mavic 2-2.4G
340	46	55	56	53	59	59	Mavic 2-2.4G
345	59	60	48	49	53	39	Mavic 2-2.4G
350	54	47	59	60	55	44	Mavic 2-2.4G
355	45	53	53	55	52	64	Mavic 2-2.4G
360	53	53	63	51	44	54	Mavic 2-2.4G
0	56	63	59	49	54	52	Autel-2.4G
5	68	62	50	51	58	56	Autel-2.4G
10	48	54	52	49	60	50	Autel-2.4G
15	57	46	40	53	57	61	Autel-2.4G
20	64	48	55	52	42	48	Autel-2.4G
25	48	55	38	56	52	51	Autel-2.4G
30	59	47	49	45	41	50	Autel-2.4G
35	52	65	35	49	55	52	Autel-2.4G
40	60	54	64	66	47	58	Autel-2.4G
45	41	61	46	42	47	53	Autel-2.4G
50	65	48	47	50	54	55	Autel-2.4G
55	54	49	50	46	63	55	Autel-2.4G
60	52	54	49	61	48	64	Autel-2.4G
65	63	51	48	47	46	58	Autel-2.4G
70	55	56	57	58	39	38	Autel-2.4G
75	61	62	52	70	58	60	Autel-2.4G
80	47	53	52	51	67	47	Autel-2.4G
85	43	57	53	48	47	42	Autel-2.4G
90	59	50	65	66	55	59	Autel-2.4G
95	56	61	44	46	51	52	Autel-2.4G
100	54	59	50	55	52	61	Autel-2.4G
105	55	52	51	59	57	61	Autel-2.4G
110	41	60	60	50	51	66	Autel-2.4G
115	45	42	56	55	51	56	Autel-2.4G
120	42	50	57	53	51	49	Autel-2.4G
125	64	54	48	54	53	60	Autel-2.4G
130	53	41	66	58	51	63	Autel-2.4G
135	50	55	50	46	52	60	Autel-2.4G
140	55	57	47	50	45	49	Autel-2.4G
145	50	60	49	37	44	66	Autel-2.4G
150	56	51	62	59	57	47	Autel-2.4G
155	53	61	53	58	59	50	Autel-2.4G
160	52	46	59	45	63	48	Autel-2.4G
165	45	56	70	51	60	48	Autel-2.4G
170	63	54	49	62	56	49	Autel-2.4G
175	54	59	45	50	46	61	Autel-2.4G
180	45	51	46	54	49	63	Autel-2.4G
185	53	62	56	39	61	38	Autel-2.4G
190	51	50	48	49	59	40	Autel-2.4G
195	59	61	42	46	35	59	Autel-2.4G
200	60	44	64	43	50	53	Autel-2.4G
205	47	40	50	64	41	62	Autel-2.4G
210	52	56	57	54	50	43	Autel-2.4G
215	58	49	60	50	53	50	Autel-2.4G
220	48	64	58	52	53	47	Autel-2.4G
225	44	55	54	45	51	59	Autel-2.4G
230	41	55	45	48	45	52	Autel-2.4G
235	46	46	50	60	55	51	Autel-2.4G
240	53	50	48	51	51	66	Autel-2.4G
245	49	43	46	50	50	48	Autel-2.4G
250	42	57	46	60	53	53	Autel-2.4G
255	61	50	58	52	56	59	Autel-2.4G
260	50	38	51	67	59	48	Autel-2.4G
265	57	42	48	46	56	60	Autel-2.4G
270	57	57	53	48	56	56	Autel-2.4G
275	63	46	36	61	54	51	Autel-2.4G
280	52	57	54	52	56	53	Autel-2.4G
285	53	45	41	59	61	60	Autel-2.4G
290	63	57	37	50	57	58	Autel-2.4G
295	58	56	49	51	47	53	Autel-2.4G
300	57	60	53	60	42	51	Autel-2.4G
305	68	62	40	58	42	68	Autel-2.4G
310	53	63	62	54	58	60	Autel-2.4G
315	51	51	56	55	60	49	Autel-2.4G
320	48	46	43	55	47	58	Autel-2.4G
325	63	54	58	43	57	54	Autel-2.4G
330	55	53	54	49	47	52	Autel-2.4G
335	57	61	53	50	60	40	Autel-2.4G
340	39	69	56	46	68	50	Autel-2.4G
345	67	50	50	54	52	48	Autel-2.4G
350	64	52	53	40	52	53	Autel-2.4G
355	55	55	48	42	36	69	Autel-2.4G
360	45	49	57	45	65	41	Autel-2.4G
0	62	55	54	43	67	46	Autel-2.4G
5	55	64	55	58	49	51	Autel-2.4G
