0	50	73	51	50	50	53	Mavic 2-2.4G	131.4
5	55	51	50	53	60	63	Mavic 2-2.4G	258.06666666666666
10	58	69	59	62	52	50	Mavic 2-2.4G	161.2
15	55	69	70	49	48	49	Mavic 2-2.4G	105.53333333333333
20	54	58	55	61	53	63	Mavic 2-2.4G	159.26666666666668
25	41	66	66	66	71	61	Mavic 2-2.4G	196.4
30	53	77	63	57	49	45	Mavic 2-2.4G	125.86666666666666
35	43	63	56	62	48	52	Mavic 2-2.4G	194.33333333333334
40	59	55	58	52	68	46	Mavic 2-2.4G	187.46666666666667
45	54	67	52	60	56	49	Mavic 2-2.4G	140.13333333333333
50	52	58	62	48	58	53	Mavic 2-2.4G	168.46666666666667
55	45	67	52	47	54	49	Mavic 2-2.4G	167.86666666666667
60	59	57	50	65	54	46	Mavic 2-2.4G	162.6
65	56	68	72	49	55	60	Mavic 2-2.4G	215.06666666666666
70	50	52	55	57	50	42	Mavic 2-2.4G	210.6
75	50	53	41	47	59	57	Mavic 2-2.4G	221.53333333333333
80	39	64	54	57	59	48	Mavic 2-2.4G	167.2
85	63	71	46	46	55	50	Mavic 2-2.4G	160.93333333333334
90	62	48	52	50	66	59	Mavic 2-2.4G	244.73333333333332
95	52	61	69	57	64	47	Mavic 2-2.4G	159.8
100	48	45	41	69	58	58	Mavic 2-2.4G	232.46666666666667
105	58	52	45	58	68	50	Mavic 2-2.4G	229.13333333333333
110	58	72	44	61	55	48	Mavic 2-2.4G	146.2
115	52	75	59	54	59	50	Mavic 2-2.4G	190.0
120	62	81	61	69	60	44	Mavic 2-2.4G	168.93333333333334
125	45	79	59	51	53	59	Mavic 2-2.4G	157.06666666666666
130	73	76	54	58	53	56	Mavic 2-2.4G	107.93333333333334
135	62	74	54	53	59	59	Mavic 2-2.4G	145.93333333333334
140	60	64	63	32	49	57	Mavic 2-2.4G	157.8
145	56	67	48	55	56	53	Mavic 2-2.4G	226.33333333333334
150	55	54	51	60	63	57	Mavic 2-2.4G	206.46666666666667
155	52	76	60	58	51	57	Mavic 2-2.4G	162.13333333333333
160	50	60	54	67	68	48	Mavic 2-2.4G	235.06666666666666
165	54	64	50	51	60	36	Mavic 2-2.4G	192.86666666666667
170	52	62	55	51	53	50	Mavic 2-2.4G	197.0
175	41	71	45	47	62	69	Mavic 2-2.4G	225.4
180	46	64	39	56	58	43	Mavic 2-2.4G	166.06666666666666
185	54	59	53	56	53	53	Mavic 2-2.4G	216.86666666666667
190	35	41	56	63	55	46	Mavic 2-2.4G	221.4
195	43	69	62	56	67	52	Mavic 2-2.4G	144.2
200	58	71	64	71	61	52	Mavic 2-2.4G	170.06666666666666
205	47	77	47	44	50	61	Mavic 2-2.4G	139.06666666666666
210	54	69	52	51	62	56	Mavic 2-2.4G	163.8
215	69	55	55	57	51	63	Mavic 2-2.4G	219.93333333333334
220	51	56	57	56	61	56	Mavic 2-2.4G	202.33333333333334
225	69	74	41	49	56	66	Mavic 2-2.4G	144.13333333333333
230	50	73	61	64	59	42	Mavic 2-2.4G	134.66666666666666
235	53	63	46	57	62	54	Mavic 2-2.4G	155.6
240	54	62	52	54	45	64	Mavic 2-2.4G	201.86666666666667
245	70	52	46	52	66	51	Mavic 2-2.4G	247.13333333333333
250	52	71	62	59	57	50	Mavic 2-2.4G	185.93333333333334
255	50	73	45	56	57	51	Mavic 2-2.4G	142.06666666666666
260	48	52	53	61	71	52	Mavic 2-2.4G	220.06666666666666
265	44	58	60	52	51	50	Mavic 2-2.4G	169.8
270	38	72	47	61	69	49	Mavic 2-2.4G	174.46666666666667
275	58	67	57	63	65	45	Mavic 2-2.4G	185.2
280	38	67	66	59	54	56	Mavic 2-2.4G	158.06666666666666
285	70	50	58	65	62	55	Mavic 2-2.4G	234.33333333333334
290	49	64	60	62	62	49	Mavic 2-2.4G	168.73333333333332
295	50	56	50	66	54	60	Mavic 2-2.4G	203.86666666666667
300	66	70	57	69	60	50	Mavic 2-2.4G	132.93333333333334
305	58	61	42	54	71	50	Mavic 2-2.4G	221.13333333333333
310	54	65	68	55	75	49	Mavic 2-2.4G	170.0
315	60	53	59	48	73	55	Mavic 2-2.4G	228.4
320	43	69	53	55	65	58	Mavic 2-2.4G	174.4
325	58	55	56	63	57	54	Mavic 2-2.4G	181.6
330	44	79	46	64	63	54	Mavic 2-2.4G	146.6
335	61	63	50	63	61	66	Mavic 2-2.4G	250.66666666666666
340	47	66	57	57	63	59	Mavic 2-2.4G	208.2
345	61	72	49	52	56	39	Mavic 2-2.4G	124.0
350	56	56	60	65	59	44	Mavic 2-2.4G	186.8
355	47	64	54	60	55	64	Mavic 2-2.4G	216.4
360	54	65	64	54	47	54	Mavic 2-2.4G	196.26666666666668
0	58	76	60	53	58	52	Autel-2.4G	130.93333333333334
5	70	75	51	55	62	56	Autel-2.4G	158.6
10	50	66	53	53	64	50	Autel-2.4G	222.53333333333333
15	59	56	41	57	61	61	Autel-2.4G	265.46666666666664
20	66	58	56	56	45	48	Autel-2.4G	190.4
25	49	67	38	60	56	51	Autel-2.4G	186.66666666666666
30	61	56	50	48	44	50	Autel-2.4G	174.2
35	53	78	36	53	58	52	Autel-2.4G	113.66666666666667
40	62	66	65	72	50	58	Autel-2.4G	165.26666666666668
45	42	74	47	45	50	53	Autel-2.4G	139.06666666666666
50	68	58	48	54	57	55	Autel-2.4G	154.0
55	55	59	51	49	67	55	Autel-2.4G	198.8
60	54	65	50	66	52	64	Autel-2.4G	186.06666666666666
65	65	61	49	51	49	58	Autel-2.4G	241.93333333333334
70	57	68	58	63	41	38	Autel-2.4G	145.33333333333334
75	63	75	53	76	62	60	Autel-2.4G	174.66666666666666
80	48	64	54	55	72	47	Autel-2.4G	208.2
85	44	69	54	52	50	42	Autel-2.4G	125.93333333333334
90	61	61	67	71	59	59	Autel-2.4G	198.13333333333333
95	58	74	45	49	54	52	Autel-2.4G	169.26666666666668
100	55	71	51	60	55	61	Autel-2.4G	192.73333333333332
105	56	63	52	63	61	61	Autel-2.4G	229.8
110	42	73	62	54	55	66	Autel-2.4G	182.86666666666667
115	46	51	57	59	54	56	Autel-2.4G	242.26666666666668
120	43	60	58	58	54	49	Autel-2.4G	166.26666666666668
125	66	66	49	58	57	60	Autel-2.4G	154.93333333333334
130	55	49	68	62	54	63	Autel-2.4G	220.26666666666668
135	52	67	51	50	56	60	Autel-2.4G	180.93333333333334
140	57	68	48	54	47	49	Autel-2.4G	170.2
145	52	72	50	40	46	66	Autel-2.4G	170.33333333333334
150	58	61	63	64	61	47	Autel-2.4G	168.8
155	55	74	54	63	63	50	Autel-2.4G	153.53333333333333
160	53	56	60	48	67	48	Autel-2.4G	211.73333333333332
165	46	68	72	55	64	48	Autel-2.4G	164.33333333333334
170	65	66	50	67	60	49	Autel-2.4G	174.8
175	56	72	46	54	49	61	Autel-2.4G	111.4
180	47	62	48	58	52	63	Autel-2.4G	199.2
185	55	75	57	42	65	38	Autel-2.4G	147.53333333333333
190	53	61	49	53	63	40	Autel-2.4G	194.53333333333333
195	61	73	43	49	38	59	Autel-2.4G	225.8
200	62	54	66	47	54	53	Autel-2.4G	162.93333333333334
205	49	49	51	69	43	62	Autel-2.4G	215.8
210	53	68	58	58	54	43	Autel-2.4G	171.06666666666666
215	60	60	61	54	57	50	Autel-2.4G	214.46666666666667
220	49	78	59	56	56	47	Autel-2.4G	149.4
225	46	67	55	49	55	59	Autel-2.4G	174.33333333333334
230	42	67	46	52	48	52	Autel-2.4G	178.26666666666668
235	48	55	51	65	59	51	Autel-2.4G	176.06666666666666
240	54	60	49	55	55	66	Autel-2.4G	233.0
245	51	52	47	54	53	48	Autel-2.4G	208.86666666666667
250	44	69	47	65	57	53	Autel-2.4G	188.46666666666667
255	63	60	60	56	60	59	Autel-2.4G	251.73333333333332
260	52	46	52	72	63	48	Autel-2.4G	218.8
265	59	51	49	50	60	60	Autel-2.4G	201.8
270	59	69	54	52	59	56	Autel-2.4G	201.93333333333334
275	66	55	37	66	57	51	Autel-2.4G	210.86666666666667
280	54	69	55	56	60	53	Autel-2.4G	203.06666666666666
285	55	54	42	63	65	60	Autel-2.4G	233.86666666666667
290	66	69	38	54	61	58	Autel-2.4G	153.73333333333332
295	60	68	50	55	50	53	Autel-2.4G	152.53333333333333
300	58	73	54	65	44	51	Autel-2.4G	153.26666666666668
305	71	75	41	63	45	68	Autel-2.4G	174.73333333333332
310	55	76	64	58	62	60	Autel-2.4G	194.13333333333333
315	53	61	57	60	64	49	Autel-2.4G	209.53333333333333
320	50	56	44	59	50	58	Autel-2.4G	208.86666666666667
325	65	65	60	47	61	54	Autel-2.4G	157.2
330	57	64	55	53	50	52	Autel-2.4G	170.26666666666668
335	59	74	54	53	64	40	Autel-2.4G	129.53333333333333
340	40	84	57	50	73	50	Autel-2.4G	131.6
345	70	61	51	58	55	48	Autel-2.4G	174.0
350	66	63	54	43	56	53	Autel-2.4G	181.2
355	57	66	49	45	39	69	Autel-2.4G	231.6
360	46	60	59	49	70	41	Autel-2.4G	160.4
0	64	67	55	46	72	46	Autel-2.4G	209.73333333333332
5	57	78	56	62	53	51	Autel-2.4G	123.53333333333333
